            z         mean           se      std_dev
   -69.500000     0.000003     0.000002     0.000006
   -68.500000     0.000010     0.000003     0.000009
   -67.500000     0.000044     0.000009     0.000027
   -66.500000     0.000167     0.000031     0.000093
   -65.500000     0.000453     0.000064     0.000192
   -64.500000     0.000999     0.000116     0.000348
   -63.500000     0.001779     0.000169     0.000507
   -62.500000     0.002704     0.000208     0.000624
   -61.500000     0.003457     0.000220     0.000660
   -60.500000     0.004029     0.000234     0.000702
   -59.500000     0.004387     0.000184     0.000552
   -58.500000     0.004503     0.000201     0.000603
   -57.500000     0.004562     0.000194     0.000582
   -56.500000     0.004575     0.000199     0.000597
   -55.500000     0.004501     0.000177     0.000531
   -54.500000     0.004510     0.000183     0.000549
   -53.500000     0.004522     0.000194     0.000582
   -52.500000     0.004516     0.000169     0.000507
   -51.500000     0.004506     0.000189     0.000567
   -50.500000     0.004537     0.000146     0.000438
   -49.500000     0.004509     0.000138     0.000414
   -48.500000     0.004493     0.000172     0.000516
   -47.500000     0.004486     0.000187     0.000561
   -46.500000     0.004466     0.000178     0.000534
   -45.500000     0.004496     0.000172     0.000516
   -44.500000     0.004557     0.000193     0.000579
   -43.500000     0.004537     0.000194     0.000582
   -42.500000     0.004498     0.000197     0.000591
   -41.500000     0.004483     0.000201     0.000603
   -40.500000     0.004444     0.000214     0.000642
   -39.500000     0.004467     0.000226     0.000678
   -38.500000     0.004434     0.000232     0.000696
   -37.500000     0.004513     0.000220     0.000660
   -36.500000     0.004515     0.000213     0.000639
   -35.500000     0.004487     0.000223     0.000669
   -34.500000     0.004460     0.000183     0.000549
   -33.500000     0.004485     0.000172     0.000516
   -32.500000     0.004453     0.000176     0.000528
   -31.500000     0.004512     0.000172     0.000516
   -30.500000     0.004581     0.000141     0.000423
   -29.500000     0.004537     0.000165     0.000495
   -28.500000     0.004563     0.000154     0.000462
   -27.500000     0.004478     0.000148     0.000444
   -26.500000     0.004370     0.000158     0.000474
   -25.500000     0.004109     0.000130     0.000390
   -24.500000     0.003708     0.000128     0.000384
   -23.500000     0.003147     0.000096     0.000288
   -22.500000     0.002713     0.000107     0.000321
   -21.500000     0.002465     0.000115     0.000345
   -20.500000     0.002700     0.000152     0.000456
   -19.500000     0.003741     0.000207     0.000621
   -18.500000     0.006027     0.000272     0.000816
   -17.500000     0.010457     0.000518     0.001554
   -16.500000     0.017599     0.000898     0.002694
   -15.500000     0.027022     0.001271     0.003813
   -14.500000     0.036878     0.001554     0.004662
   -13.500000     0.044690     0.001749     0.005247
   -12.500000     0.047741     0.001922     0.005766
   -11.500000     0.044021     0.001860     0.005580
   -10.500000     0.034842     0.001454     0.004362
    -9.500000     0.024321     0.001055     0.003165
    -8.500000     0.015349     0.000735     0.002205
    -7.500000     0.008615     0.000476     0.001428
    -6.500000     0.004302     0.000277     0.000831
    -5.500000     0.001894     0.000126     0.000378
    -4.500000     0.000852     0.000060     0.000180
    -3.500000     0.000436     0.000053     0.000159
    -2.500000     0.000343     0.000065     0.000195
    -1.500000     0.000308     0.000050     0.000150
    -0.500000     0.000319     0.000050     0.000150
     0.500000     0.000334     0.000057     0.000171
     1.500000     0.000330     0.000063     0.000189
     2.500000     0.000337     0.000051     0.000153
     3.500000     0.000460     0.000066     0.000198
     4.500000     0.000810     0.000086     0.000258
     5.500000     0.001722     0.000137     0.000411
     6.500000     0.003666     0.000205     0.000615
     7.500000     0.007458     0.000361     0.001083
     8.500000     0.013777     0.000704     0.002112
     9.500000     0.022239     0.001151     0.003453
    10.500000     0.031635     0.001501     0.004503
    11.500000     0.039309     0.001625     0.004875
    12.500000     0.042085     0.001537     0.004611
    13.500000     0.038814     0.001422     0.004266
    14.500000     0.031181     0.001261     0.003783
    15.500000     0.022039     0.000855     0.002565
    16.500000     0.014086     0.000597     0.001791
    17.500000     0.008422     0.000350     0.001050
    18.500000     0.005044     0.000241     0.000723
    19.500000     0.003123     0.000169     0.000507
    20.500000     0.002209     0.000120     0.000360
    21.500000     0.002144     0.000117     0.000351
    22.500000     0.002516     0.000096     0.000288
    23.500000     0.003057     0.000078     0.000234
    24.500000     0.003588     0.000089     0.000267
    25.500000     0.004010     0.000119     0.000357
    26.500000     0.004331     0.000118     0.000354
    27.500000     0.004514     0.000114     0.000342
    28.500000     0.004545     0.000127     0.000381
    29.500000     0.004565     0.000102     0.000306
    30.500000     0.004523     0.000127     0.000381
    31.500000     0.004496     0.000099     0.000297
    32.500000     0.004497     0.000096     0.000288
    33.500000     0.004431     0.000076     0.000228
    34.500000     0.004427     0.000090     0.000270
    35.500000     0.004408     0.000111     0.000333
    36.500000     0.004424     0.000089     0.000267
    37.500000     0.004410     0.000086     0.000258
    38.500000     0.004446     0.000099     0.000297
    39.500000     0.004416     0.000109     0.000327
    40.500000     0.004432     0.000109     0.000327
    41.500000     0.004396     0.000113     0.000339
    42.500000     0.004413     0.000105     0.000315
    43.500000     0.004440     0.000136     0.000408
    44.500000     0.004440     0.000136     0.000408
    45.500000     0.004460     0.000144     0.000432
    46.500000     0.004481     0.000173     0.000519
    47.500000     0.004456     0.000157     0.000471
    48.500000     0.004530     0.000170     0.000510
    49.500000     0.004504     0.000182     0.000546
    50.500000     0.004513     0.000193     0.000579
    51.500000     0.004509     0.000198     0.000594
    52.500000     0.004526     0.000191     0.000573
    53.500000     0.004525     0.000208     0.000624
    54.500000     0.004489     0.000200     0.000600
    55.500000     0.004491     0.000186     0.000558
    56.500000     0.004483     0.000206     0.000618
    57.500000     0.004474     0.000175     0.000525
    58.500000     0.004421     0.000175     0.000525
    59.500000     0.004411     0.000179     0.000537
    60.500000     0.004377     0.000164     0.000492
    61.500000     0.004437     0.000197     0.000591
    62.500000     0.004360     0.000186     0.000558
    63.500000     0.004137     0.000232     0.000696
    64.500000     0.003766     0.000231     0.000693
    65.500000     0.003022     0.000218     0.000654
    66.500000     0.002165     0.000185     0.000555
    67.500000     0.001294     0.000147     0.000441
    68.500000     0.000641     0.000082     0.000246
    69.500000     0.000280     0.000042     0.000126
    70.500000     0.000090     0.000016     0.000048
    71.500000     0.000022     0.000006     0.000018
    72.500000     0.000003     0.000001     0.000003
    73.500000     0.000000     0.000000     0.000000
