z	dens_traj1_401-600	dens_traj1_601-800	dens_traj1_801-1000	dens_traj2_401-600	dens_traj2_601-800	dens_traj2_801-1000	dens_traj3_401-600	dens_traj3_601-800	dens_traj3_801-1000	dens_mean	se
-33.500000	0.000000	0.000000	0.000000	0.000000	0.000000	0.000000	0.000000	0.000000	0.000000	0.000000	0.000000
-32.500000	0.000000	0.000000	0.000000	0.000000	0.000000	0.000000	0.000000	0.000000	0.000000	0.000000	0.000000
-31.500000	0.000000	0.000000	0.000000	0.000000	0.000000	0.000000	0.000000	0.000000	0.000000	0.000000	0.000000
-30.500000	0.000000	0.000000	0.000000	0.000000	0.000000	0.000000	0.000000	0.000000	0.000000	0.000000	0.000000
-29.500000	0.000000	0.000000	0.000000	0.000000	0.000000	0.000000	0.000000	0.000000	0.000000	0.000000	0.000000
-28.500000	0.010000	0.010000	0.010000	0.010000	0.010000	0.010000	0.010000	0.010000	0.010000	0.010000	0.000000
-27.500000	0.020000	0.020000	0.020000	0.020000	0.020000	0.020000	0.020000	0.020000	0.020000	0.020000	0.000000
-26.500000	0.050000	0.050000	0.050000	0.050000	0.050000	0.050000	0.050000	0.050000	0.050000	0.050000	0.000000
-25.500000	0.100000	0.090000	0.090000	0.090000	0.090000	0.090000	0.090000	0.090000	0.100000	0.092222	0.001470
-24.500000	0.150000	0.150000	0.140000	0.150000	0.150000	0.150000	0.150000	0.160000	0.160000	0.151111	0.002003
-23.500000	0.220000	0.210000	0.200000	0.210000	0.210000	0.210000	0.220000	0.220000	0.220000	0.213333	0.002357
-22.500000	0.270000	0.260000	0.260000	0.270000	0.270000	0.260000	0.270000	0.270000	0.270000	0.266667	0.001667
-21.500000	0.300000	0.290000	0.290000	0.300000	0.300000	0.290000	0.300000	0.300000	0.300000	0.296667	0.001667
-20.500000	0.300000	0.300000	0.300000	0.300000	0.300000	0.290000	0.300000	0.300000	0.300000	0.298889	0.001111
-19.500000	0.260000	0.270000	0.270000	0.270000	0.270000	0.260000	0.270000	0.260000	0.270000	0.266667	0.001667
-18.500000	0.210000	0.220000	0.220000	0.220000	0.220000	0.210000	0.220000	0.210000	0.210000	0.215556	0.001757
-17.500000	0.150000	0.160000	0.160000	0.150000	0.150000	0.160000	0.150000	0.150000	0.150000	0.153333	0.001667
-16.500000	0.090000	0.100000	0.100000	0.090000	0.090000	0.100000	0.090000	0.090000	0.090000	0.093333	0.001667
-15.500000	0.050000	0.050000	0.050000	0.050000	0.050000	0.050000	0.050000	0.050000	0.050000	0.050000	0.000000
-14.500000	0.020000	0.020000	0.020000	0.020000	0.020000	0.020000	0.020000	0.020000	0.020000	0.020000	0.000000
-13.500000	0.010000	0.010000	0.010000	0.010000	0.010000	0.010000	0.010000	0.010000	0.010000	0.010000	0.000000
-12.500000	0.000000	0.000000	0.000000	0.000000	0.000000	0.000000	0.000000	0.000000	0.000000	0.000000	0.000000
-11.500000	0.000000	0.000000	0.000000	0.000000	0.000000	0.000000	0.000000	0.000000	0.000000	0.000000	0.000000
-10.500000	0.000000	0.000000	0.000000	0.000000	0.000000	0.000000	0.000000	0.000000	0.000000	0.000000	0.000000
-9.500000	0.000000	0.000000	0.000000	0.000000	0.000000	0.000000	0.000000	0.000000	0.000000	0.000000	0.000000
-8.500000	0.000000	0.000000	0.000000	0.000000	0.000000	0.000000	0.000000	0.000000	0.000000	0.000000	0.000000
-7.500000	0.000000	0.000000	0.000000	0.000000	0.000000	0.000000	0.000000	0.000000	0.000000	0.000000	0.000000
-6.500000	0.000000	0.000000	0.000000	0.000000	0.000000	0.000000	0.000000	0.000000	0.000000	0.000000	0.000000
-5.500000	0.000000	0.000000	0.000000	0.000000	0.000000	0.000000	0.000000	0.000000	0.000000	0.000000	0.000000
-4.500000	0.000000	0.000000	0.000000	0.000000	0.000000	0.000000	0.000000	0.000000	0.000000	0.000000	0.000000
-3.500000	0.000000	0.000000	0.000000	0.000000	0.000000	0.000000	0.000000	0.000000	0.000000	0.000000	0.000000
-2.500000	0.000000	0.000000	0.000000	0.000000	0.000000	0.000000	0.000000	0.000000	0.000000	0.000000	0.000000
-1.500000	0.000000	0.000000	0.000000	0.000000	0.000000	0.000000	0.000000	0.000000	0.000000	0.000000	0.000000
-0.500000	0.000000	0.000000	0.000000	0.000000	0.000000	0.000000	0.000000	0.000000	0.000000	0.000000	0.000000
0.500000	0.000000	0.000000	0.000000	0.000000	0.000000	0.000000	0.000000	0.000000	0.000000	0.000000	0.000000
1.500000	0.000000	0.000000	0.000000	0.000000	0.000000	0.000000	0.000000	0.000000	0.000000	0.000000	0.000000
2.500000	0.000000	0.000000	0.000000	0.000000	0.000000	0.000000	0.000000	0.000000	0.000000	0.000000	0.000000
3.500000	0.000000	0.000000	0.000000	0.000000	0.000000	0.000000	0.000000	0.000000	0.000000	0.000000	0.000000
4.500000	0.000000	0.000000	0.000000	0.000000	0.000000	0.000000	0.000000	0.000000	0.000000	0.000000	0.000000
5.500000	0.000000	0.000000	0.000000	0.000000	0.000000	0.000000	0.000000	0.000000	0.000000	0.000000	0.000000
6.500000	0.000000	0.000000	0.000000	0.000000	0.000000	0.000000	0.000000	0.000000	0.000000	0.000000	0.000000
7.500000	0.000000	0.000000	0.000000	0.000000	0.000000	0.000000	0.000000	0.000000	0.000000	0.000000	0.000000
8.500000	0.000000	0.000000	0.000000	0.000000	0.000000	0.000000	0.000000	0.000000	0.000000	0.000000	0.000000
9.500000	0.000000	0.000000	0.000000	0.000000	0.000000	0.000000	0.000000	0.000000	0.000000	0.000000	0.000000
10.500000	0.000000	0.000000	0.000000	0.000000	0.000000	0.000000	0.000000	0.000000	0.000000	0.000000	0.000000
11.500000	0.000000	0.000000	0.000000	0.000000	0.000000	0.000000	0.000000	0.000000	0.000000	0.000000	0.000000
12.500000	0.000000	0.000000	0.000000	0.000000	0.000000	0.000000	0.000000	0.000000	0.000000	0.000000	0.000000
13.500000	0.010000	0.010000	0.010000	0.010000	0.010000	0.010000	0.010000	0.010000	0.010000	0.010000	0.000000
14.500000	0.020000	0.020000	0.020000	0.020000	0.020000	0.020000	0.020000	0.020000	0.020000	0.020000	0.000000
15.500000	0.050000	0.050000	0.050000	0.050000	0.050000	0.050000	0.050000	0.050000	0.050000	0.050000	0.000000
16.500000	0.090000	0.090000	0.090000	0.100000	0.090000	0.100000	0.090000	0.090000	0.090000	0.092222	0.001470
17.500000	0.150000	0.150000	0.160000	0.150000	0.150000	0.160000	0.150000	0.150000	0.150000	0.152222	0.001470
18.500000	0.210000	0.220000	0.220000	0.220000	0.220000	0.220000	0.210000	0.220000	0.210000	0.216667	0.001667
19.500000	0.270000	0.270000	0.270000	0.270000	0.280000	0.270000	0.270000	0.270000	0.270000	0.271111	0.001111
20.500000	0.300000	0.300000	0.300000	0.300000	0.310000	0.300000	0.300000	0.300000	0.300000	0.301111	0.001111
21.500000	0.300000	0.300000	0.300000	0.300000	0.300000	0.290000	0.300000	0.300000	0.300000	0.298889	0.001111
22.500000	0.270000	0.270000	0.260000	0.270000	0.270000	0.260000	0.270000	0.270000	0.270000	0.267778	0.001470
23.500000	0.220000	0.210000	0.200000	0.210000	0.210000	0.210000	0.220000	0.210000	0.220000	0.212222	0.002222
24.500000	0.150000	0.150000	0.140000	0.150000	0.150000	0.150000	0.150000	0.150000	0.150000	0.148889	0.001111
25.500000	0.090000	0.090000	0.090000	0.090000	0.090000	0.090000	0.100000	0.090000	0.090000	0.091111	0.001111
26.500000	0.050000	0.050000	0.050000	0.050000	0.050000	0.050000	0.050000	0.050000	0.050000	0.050000	0.000000
27.500000	0.020000	0.020000	0.020000	0.020000	0.020000	0.020000	0.020000	0.020000	0.020000	0.020000	0.000000
28.500000	0.010000	0.010000	0.010000	0.010000	0.010000	0.010000	0.010000	0.010000	0.010000	0.010000	0.000000
29.500000	0.000000	0.000000	0.000000	0.000000	0.000000	0.000000	0.000000	0.000000	0.000000	0.000000	0.000000
30.500000	0.000000	0.000000	0.000000	0.000000	0.000000	0.000000	0.000000	0.000000	0.000000	0.000000	0.000000
31.500000	0.000000	0.000000	0.000000	0.000000	0.000000	0.000000	0.000000	0.000000	0.000000	0.000000	0.000000
32.500000	0.000000	0.000000	0.000000	0.000000	0.000000	0.000000	0.000000	0.000000	0.000000	0.000000	0.000000
33.500000	0.000000	0.000000	0.000000	0.000000	0.000000	0.000000	0.000000	0.000000	0.000000	0.000000	0.000000
