            z         mean           se      std_dev
   -70.500000     0.000000     0.000000     0.000000
   -69.500000     0.000003     0.000003     0.000009
   -68.500000     0.000005     0.000004     0.000012
   -67.500000     0.000011     0.000009     0.000027
   -66.500000     0.000015     0.000010     0.000030
   -65.500000     0.000023     0.000018     0.000054
   -64.500000     0.000024     0.000018     0.000054
   -63.500000     0.000029     0.000021     0.000063
   -62.500000     0.000036     0.000026     0.000078
   -61.500000     0.000032     0.000024     0.000072
   -60.500000     0.000044     0.000033     0.000099
   -59.500000     0.000039     0.000030     0.000090
   -58.500000     0.000050     0.000038     0.000114
   -57.500000     0.000038     0.000031     0.000093
   -56.500000     0.000059     0.000045     0.000135
   -55.500000     0.000053     0.000045     0.000135
   -54.500000     0.000059     0.000045     0.000135
   -53.500000     0.000051     0.000044     0.000132
   -52.500000     0.000046     0.000036     0.000108
   -51.500000     0.000061     0.000048     0.000144
   -50.500000     0.000060     0.000047     0.000141
   -49.500000     0.000078     0.000055     0.000165
   -48.500000     0.000091     0.000068     0.000204
   -47.500000     0.000086     0.000066     0.000198
   -46.500000     0.000095     0.000074     0.000222
   -45.500000     0.000106     0.000086     0.000258
   -44.500000     0.000085     0.000069     0.000207
   -43.500000     0.000076     0.000060     0.000180
   -42.500000     0.000079     0.000070     0.000210
   -41.500000     0.000088     0.000077     0.000231
   -40.500000     0.000100     0.000085     0.000255
   -39.500000     0.000094     0.000079     0.000237
   -38.500000     0.000107     0.000090     0.000270
   -37.500000     0.000100     0.000084     0.000252
   -36.500000     0.000110     0.000094     0.000282
   -35.500000     0.000121     0.000101     0.000303
   -34.500000     0.000109     0.000094     0.000282
   -33.500000     0.000109     0.000089     0.000267
   -32.500000     0.000115     0.000096     0.000288
   -31.500000     0.000119     0.000099     0.000297
   -30.500000     0.000119     0.000097     0.000291
   -29.500000     0.000144     0.000120     0.000360
   -28.500000     0.000153     0.000118     0.000354
   -27.500000     0.000133     0.000109     0.000327
   -26.500000     0.000126     0.000095     0.000285
   -25.500000     0.000109     0.000085     0.000255
   -24.500000     0.000090     0.000064     0.000192
   -23.500000     0.000070     0.000044     0.000132
   -22.500000     0.000059     0.000029     0.000087
   -21.500000     0.000076     0.000024     0.000072
   -20.500000     0.000102     0.000023     0.000069
   -19.500000     0.000184     0.000031     0.000093
   -18.500000     0.000417     0.000052     0.000156
   -17.500000     0.001065     0.000086     0.000258
   -16.500000     0.002482     0.000101     0.000303
   -15.500000     0.005623     0.000209     0.000627
   -14.500000     0.010912     0.000435     0.001305
   -13.500000     0.018656     0.000653     0.001959
   -12.500000     0.027527     0.000792     0.002376
   -11.500000     0.035259     0.000908     0.002724
   -10.500000     0.038472     0.000980     0.002940
    -9.500000     0.037057     0.000755     0.002265
    -8.500000     0.033070     0.000500     0.001500
    -7.500000     0.030003     0.000426     0.001278
    -6.500000     0.029180     0.000431     0.001293
    -5.500000     0.030583     0.000423     0.001269
    -4.500000     0.033439     0.000596     0.001788
    -3.500000     0.036080     0.000594     0.001782
    -2.500000     0.038495     0.000541     0.001623
    -1.500000     0.040328     0.000545     0.001635
    -0.500000     0.040887     0.000527     0.001581
     0.500000     0.041129     0.000613     0.001839
     1.500000     0.040400     0.000655     0.001965
     2.500000     0.038973     0.000736     0.002208
     3.500000     0.036334     0.000542     0.001626
     4.500000     0.033478     0.000402     0.001206
     5.500000     0.030953     0.000319     0.000957
     6.500000     0.029990     0.000338     0.001014
     7.500000     0.031713     0.000353     0.001059
     8.500000     0.035205     0.000549     0.001647
     9.500000     0.038847     0.000914     0.002742
    10.500000     0.040089     0.001046     0.003138
    11.500000     0.036729     0.001044     0.003132
    12.500000     0.029076     0.001070     0.003210
    13.500000     0.019589     0.000896     0.002688
    14.500000     0.011581     0.000587     0.001761
    15.500000     0.005966     0.000334     0.001002
    16.500000     0.002735     0.000202     0.000606
    17.500000     0.001099     0.000088     0.000264
    18.500000     0.000411     0.000048     0.000144
    19.500000     0.000154     0.000026     0.000078
    20.500000     0.000068     0.000017     0.000051
    21.500000     0.000036     0.000012     0.000036
    22.500000     0.000018     0.000010     0.000030
    23.500000     0.000020     0.000017     0.000051
    24.500000     0.000037     0.000035     0.000105
    25.500000     0.000035     0.000033     0.000099
    26.500000     0.000035     0.000035     0.000105
    27.500000     0.000026     0.000026     0.000078
    28.500000     0.000029     0.000029     0.000087
    29.500000     0.000026     0.000026     0.000078
    30.500000     0.000021     0.000021     0.000063
    31.500000     0.000026     0.000026     0.000078
    32.500000     0.000030     0.000030     0.000090
    33.500000     0.000032     0.000032     0.000096
    34.500000     0.000042     0.000042     0.000126
    35.500000     0.000037     0.000037     0.000111
    36.500000     0.000040     0.000040     0.000120
    37.500000     0.000039     0.000039     0.000117
    38.500000     0.000047     0.000047     0.000141
    39.500000     0.000044     0.000044     0.000132
    40.500000     0.000038     0.000038     0.000114
    41.500000     0.000035     0.000035     0.000105
    42.500000     0.000038     0.000038     0.000114
    43.500000     0.000047     0.000047     0.000141
    44.500000     0.000041     0.000041     0.000123
    45.500000     0.000045     0.000044     0.000132
    46.500000     0.000042     0.000041     0.000123
    47.500000     0.000046     0.000044     0.000132
    48.500000     0.000053     0.000051     0.000153
    49.500000     0.000045     0.000045     0.000135
    50.500000     0.000046     0.000046     0.000138
    51.500000     0.000048     0.000047     0.000141
    52.500000     0.000050     0.000050     0.000150
    53.500000     0.000045     0.000043     0.000129
    54.500000     0.000053     0.000051     0.000153
    55.500000     0.000059     0.000057     0.000171
    56.500000     0.000051     0.000050     0.000150
    57.500000     0.000055     0.000053     0.000159
    58.500000     0.000051     0.000050     0.000150
    59.500000     0.000043     0.000042     0.000126
    60.500000     0.000039     0.000038     0.000114
    61.500000     0.000035     0.000034     0.000102
    62.500000     0.000038     0.000038     0.000114
    63.500000     0.000043     0.000039     0.000117
    64.500000     0.000046     0.000044     0.000132
    65.500000     0.000047     0.000045     0.000135
    66.500000     0.000043     0.000039     0.000117
    67.500000     0.000027     0.000025     0.000075
    68.500000     0.000032     0.000031     0.000093
    69.500000     0.000028     0.000024     0.000072
    70.500000     0.000020     0.000016     0.000048
    71.500000     0.000014     0.000012     0.000036
    72.500000     0.000004     0.000004     0.000012
    73.500000     0.000004     0.000004     0.000012
    74.500000     0.000000     0.000000     0.000000
