            z         mean           se      std_dev
   -74.500000     0.000004     0.000002     0.000006
   -73.500000     0.000018     0.000009     0.000027
   -72.500000     0.000054     0.000022     0.000066
   -71.500000     0.000213     0.000068     0.000204
   -70.500000     0.000505     0.000104     0.000312
   -69.500000     0.001182     0.000156     0.000468
   -68.500000     0.002607     0.000214     0.000642
   -67.500000     0.004496     0.000199     0.000597
   -66.500000     0.006721     0.000190     0.000570
   -65.500000     0.008950     0.000209     0.000627
   -64.500000     0.010104     0.000255     0.000765
   -63.500000     0.011046     0.000264     0.000792
   -62.500000     0.011296     0.000293     0.000879
   -61.500000     0.011285     0.000289     0.000867
   -60.500000     0.011583     0.000400     0.001200
   -59.500000     0.011668     0.000376     0.001128
   -58.500000     0.011488     0.000345     0.001035
   -57.500000     0.011536     0.000325     0.000975
   -56.500000     0.011771     0.000360     0.001080
   -55.500000     0.011893     0.000307     0.000921
   -54.500000     0.011803     0.000455     0.001365
   -53.500000     0.011704     0.000340     0.001020
   -52.500000     0.011867     0.000513     0.001539
   -51.500000     0.011761     0.000405     0.001215
   -50.500000     0.012016     0.000556     0.001668
   -49.500000     0.011777     0.000394     0.001182
   -48.500000     0.011614     0.000468     0.001404
   -47.500000     0.011630     0.000382     0.001146
   -46.500000     0.011248     0.000481     0.001443
   -45.500000     0.011656     0.000334     0.001002
   -44.500000     0.011542     0.000376     0.001128
   -43.500000     0.011475     0.000382     0.001146
   -42.500000     0.011724     0.000371     0.001113
   -41.500000     0.011652     0.000361     0.001083
   -40.500000     0.011810     0.000301     0.000903
   -39.500000     0.011731     0.000281     0.000843
   -38.500000     0.011390     0.000427     0.001281
   -37.500000     0.011956     0.000421     0.001263
   -36.500000     0.011876     0.000403     0.001209
   -35.500000     0.011941     0.000441     0.001323
   -34.500000     0.011568     0.000421     0.001263
   -33.500000     0.011609     0.000455     0.001365
   -32.500000     0.011662     0.000463     0.001389
   -31.500000     0.011483     0.000549     0.001647
   -30.500000     0.011194     0.000497     0.001491
   -29.500000     0.010612     0.000457     0.001371
   -28.500000     0.010245     0.000403     0.001209
   -27.500000     0.008944     0.000460     0.001380
   -26.500000     0.007474     0.000382     0.001146
   -25.500000     0.006155     0.000351     0.001053
   -24.500000     0.004732     0.000279     0.000837
   -23.500000     0.003391     0.000310     0.000930
   -22.500000     0.002172     0.000198     0.000594
   -21.500000     0.001594     0.000147     0.000441
   -20.500000     0.001218     0.000118     0.000354
   -19.500000     0.001186     0.000195     0.000585
   -18.500000     0.001518     0.000225     0.000675
   -17.500000     0.001829     0.000288     0.000864
   -16.500000     0.001922     0.000303     0.000909
   -15.500000     0.001880     0.000349     0.001047
   -14.500000     0.001662     0.000476     0.001428
   -13.500000     0.001557     0.000605     0.001815
   -12.500000     0.001103     0.000433     0.001299
   -11.500000     0.000574     0.000268     0.000804
   -10.500000     0.000212     0.000112     0.000336
    -9.500000     0.000078     0.000070     0.000210
    -8.500000     0.000030     0.000030     0.000090
    -7.500000     0.000011     0.000011     0.000033
    -6.500000     0.000000     0.000000     0.000000
    -5.500000     0.000000     0.000000     0.000000
    -4.500000     0.000000     0.000000     0.000000
    -3.500000     0.000000     0.000000     0.000000
    -2.500000     0.000000     0.000000     0.000000
    -1.500000     0.000000     0.000000     0.000000
    -0.500000     0.000000     0.000000     0.000000
     0.500000     0.000000     0.000000     0.000000
     1.500000     0.000000     0.000000     0.000000
     2.500000     0.000000     0.000000     0.000000
     3.500000     0.000000     0.000000     0.000000
     4.500000     0.000000     0.000000     0.000000
     5.500000     0.000000     0.000000     0.000000
     6.500000     0.000000     0.000000     0.000000
     7.500000     0.000002     0.000002     0.000006
     8.500000     0.000007     0.000005     0.000015
     9.500000     0.000052     0.000027     0.000081
    10.500000     0.000194     0.000090     0.000270
    11.500000     0.000496     0.000213     0.000639
    12.500000     0.000976     0.000365     0.001095
    13.500000     0.001300     0.000400     0.001200
    14.500000     0.001420     0.000348     0.001044
    15.500000     0.001459     0.000311     0.000933
    16.500000     0.001386     0.000227     0.000681
    17.500000     0.001290     0.000195     0.000585
    18.500000     0.001060     0.000128     0.000384
    19.500000     0.001061     0.000132     0.000396
    20.500000     0.001254     0.000128     0.000384
    21.500000     0.001685     0.000178     0.000534
    22.500000     0.002318     0.000147     0.000441
    23.500000     0.003235     0.000203     0.000609
    24.500000     0.004400     0.000221     0.000663
    25.500000     0.005899     0.000270     0.000810
    26.500000     0.007345     0.000420     0.001260
    27.500000     0.008716     0.000455     0.001365
    28.500000     0.009953     0.000462     0.001386
    29.500000     0.010338     0.000485     0.001455
    30.500000     0.010847     0.000569     0.001707
    31.500000     0.010977     0.000585     0.001755
    32.500000     0.011265     0.000664     0.001992
    33.500000     0.011020     0.000605     0.001815
    34.500000     0.010965     0.000534     0.001602
    35.500000     0.010818     0.000566     0.001698
    36.500000     0.010759     0.000545     0.001635
    37.500000     0.010485     0.000543     0.001629
    38.500000     0.010555     0.000566     0.001698
    39.500000     0.010513     0.000540     0.001620
    40.500000     0.010464     0.000552     0.001656
    41.500000     0.010722     0.000536     0.001608
    42.500000     0.010365     0.000455     0.001365
    43.500000     0.010543     0.000551     0.001653
    44.500000     0.010385     0.000460     0.001380
    45.500000     0.010335     0.000554     0.001662
    46.500000     0.010394     0.000520     0.001560
    47.500000     0.010627     0.000527     0.001581
    48.500000     0.010590     0.000388     0.001164
    49.500000     0.010389     0.000319     0.000957
    50.500000     0.010631     0.000397     0.001191
    51.500000     0.010524     0.000289     0.000867
    52.500000     0.010851     0.000299     0.000897
    53.500000     0.010791     0.000380     0.001140
    54.500000     0.011031     0.000308     0.000924
    55.500000     0.011129     0.000215     0.000645
    56.500000     0.011463     0.000355     0.001065
    57.500000     0.011257     0.000396     0.001188
    58.500000     0.011233     0.000341     0.001023
    59.500000     0.011474     0.000318     0.000954
    60.500000     0.011125     0.000337     0.001011
    61.500000     0.011198     0.000300     0.000900
    62.500000     0.011316     0.000289     0.000867
    63.500000     0.011167     0.000313     0.000939
    64.500000     0.011110     0.000294     0.000882
    65.500000     0.010882     0.000271     0.000813
    66.500000     0.010444     0.000272     0.000816
    67.500000     0.009579     0.000181     0.000543
    68.500000     0.008416     0.000199     0.000597
    69.500000     0.006411     0.000142     0.000426
    70.500000     0.004426     0.000203     0.000609
    71.500000     0.002565     0.000204     0.000612
    72.500000     0.001078     0.000157     0.000471
    73.500000     0.000495     0.000105     0.000315
    74.500000     0.000219     0.000074     0.000222
    75.500000     0.000086     0.000029     0.000087
    76.500000     0.000021     0.000009     0.000027
    77.500000     0.000007     0.000005     0.000015
