#Coor		Free	+/-		Prob		+/-
-37.810000	0.000000	0	9.433925e-01	0
-37.430000	0.326073	0	5.490624e-01	0
-37.050000	0.401568	0	4.843909e-01	0
-36.670000	0.292024	0	5.809892e-01	0
-36.290000	0.615524	0	3.395876e-01	0
-35.910000	0.703485	0	2.934536e-01	0
-35.530000	0.437059	0	4.566775e-01	0
-35.150000	0.653967	0	3.185942e-01	0
-34.770000	0.616719	0	3.389146e-01	0
-34.390000	0.378878	0	5.029832e-01	0
-34.010000	0.517993	0	3.992672e-01	0
-33.630000	0.363327	0	5.161365e-01	0
-33.250000	0.375422	0	5.058767e-01	0
-32.870000	0.430611	0	4.615918e-01	0
-32.490000	0.313375	0	5.607581e-01	0
-32.110000	0.398532	0	4.868379e-01	0
-31.730000	0.339801	0	5.366913e-01	0
-31.350000	0.337999	0	5.382993e-01	0
-30.970000	0.390900	0	4.930452e-01	0
-30.590000	0.349782	0	5.278724e-01	0
-30.210000	0.384651	0	4.981861e-01	0
-29.830000	0.414754	0	4.739037e-01	0
-29.450000	0.301827	0	5.716116e-01	0
-29.070000	0.423083	0	4.673964e-01	0
-28.690000	0.357815	0	5.208805e-01	0
-28.310000	0.468955	0	4.331273e-01	0
-27.930000	0.526072	0	3.939479e-01	0
-27.550000	0.427304	0	4.641329e-01	0
-27.170000	0.513494	0	4.022599e-01	0
-26.790000	0.484963	0	4.217695e-01	0
-26.410000	0.533675	0	3.890076e-01	0
-26.030000	0.696105	0	2.970706e-01	0
-25.650000	0.616304	0	3.391481e-01	0
-25.270000	0.658277	0	3.163227e-01	0
-24.890000	0.764941	0	2.649934e-01	0
-24.510000	0.736757	0	2.776854e-01	0
-24.130000	0.897226	0	2.127496e-01	0
-23.750000	0.904347	0	2.102495e-01	0
-23.370000	1.032932	0	1.698383e-01	0
-22.990000	1.223574	0	1.237655e-01	0
-22.610000	1.246384	0	1.191667e-01	0
-22.230000	1.482026	0	8.058926e-02	0
-21.850000	1.618549	0	6.424742e-02	0
-21.470000	1.662603	0	5.971681e-02	0
-21.090000	1.929940	0	3.831504e-02	0
-20.710000	1.992769	0	3.452033e-02	0
-20.330000	2.122582	0	2.782854e-02	0
-19.950000	2.318932	0	2.008810e-02	0
-19.570000	2.398135	0	1.761328e-02	0
-19.190000	2.708530	0	1.052136e-02	0
-18.810000	2.855657	0	8.241492e-03	0
-18.430000	2.907956	0	7.556176e-03	0
-18.050000	3.103060	0	5.465739e-03	0
-17.670000	3.131185	0	5.216426e-03	0
-17.290000	3.340580	0	3.684829e-03	0
-16.910000	3.514297	0	2.761735e-03	0
-16.530000	3.600210	0	2.394670e-03	0
-16.150000	3.824697	0	1.649719e-03	0
-15.770000	3.962727	0	1.311903e-03	0
-15.390000	4.154610	0	9.540477e-04	0
-15.010000	4.396189	0	6.388699e-04	0
-14.630000	4.497599	0	5.398890e-04	0
-14.250000	4.785732	0	3.346453e-04	0
-13.870000	5.029140	0	2.234128e-04	0
-13.490000	5.202002	0	1.676832e-04	0
-13.110000	5.544489	0	9.496977e-05	0
-12.730000	5.699302	0	7.344776e-05	0
-12.350000	6.094415	0	3.811847e-05	0
-11.970000	6.379960	0	2.372911e-05	0
-11.590000	6.566829	0	1.740063e-05	0
-11.210000	6.996423	0	8.528327e-06	0
-10.830000	7.302212	0	5.133522e-06	0
-10.450000	7.598021	0	3.141684e-06	0
-10.070000	8.034018	0	1.523512e-06	0
-9.690000	8.333706	0	9.263947e-07	0
-9.310000	8.844316	0	3.969073e-07	0
-8.930000	9.251541	0	2.018900e-07	0
-8.550000	9.563545	0	1.202780e-07	0
-8.170000	10.106325	0	4.885257e-08	0
-7.790000	10.480207	0	2.626337e-08	0
-7.410000	10.998568	0	1.110852e-08	0
-7.030000	11.485146	0	4.953075e-09	0
-6.650000	11.851946	0	2.694281e-09	0
-6.270000	12.511832	0	9.009918e-10	0
-5.890000	12.977449	0	4.159588e-10	0
-5.510000	13.601922	0	1.475224e-10	0
-5.130000	14.208618	0	5.388673e-11	0
-4.750000	14.658106	0	2.555283e-11	0
-4.370000	15.395318	0	7.515739e-12	0
-3.990000	15.988976	0	2.805400e-12	0
-3.610000	16.746541	0	7.977267e-13	0
-3.230000	17.556602	0	2.079070e-13	0
-2.850000	18.205042	0	7.085954e-14	0
-2.470000	19.159739	0	1.452589e-14	0
-2.090000	19.862322	0	4.525224e-15	0
-1.710000	20.492448	0	1.589910e-15	0
-1.330000	21.226175	0	4.703459e-16	0
-0.950000	21.898282	0	1.541293e-16	0
-0.570000	22.460183	0	6.064601e-17	0
-0.190000	22.116292	0	1.073293e-16	0
0.190000	21.556096	0	2.720019e-16	0
0.570000	20.764455	0	1.012229e-15	0
0.950000	19.846402	0	4.646401e-15	0
1.330000	18.610626	0	3.614154e-14	0
1.710000	nan	0	nan	0
2.090000	nan	0	nan	0
2.470000	nan	0	nan	0
2.850000	nan	0	nan	0
3.230000	nan	0	nan	0
3.610000	nan	0	nan	0
3.990000	nan	0	nan	0
4.370000	nan	0	nan	0
4.750000	nan	0	nan	0
5.130000	nan	0	nan	0
5.510000	nan	0	nan	0
5.890000	nan	0	nan	0
6.270000	nan	0	nan	0
6.650000	nan	0	nan	0
7.030000	nan	0	nan	0
7.410000	nan	0	nan	0
7.790000	nan	0	nan	0
8.170000	nan	0	nan	0
8.550000	nan	0	nan	0
8.930000	nan	0	nan	0
9.310000	nan	0	nan	0
9.690000	nan	0	nan	0
10.070000	nan	0	nan	0
10.450000	nan	0	nan	0
10.830000	nan	0	nan	0
11.210000	nan	0	nan	0
11.590000	nan	0	nan	0
11.970000	nan	0	nan	0
12.350000	nan	0	nan	0
12.730000	nan	0	nan	0
13.110000	nan	0	nan	0
13.490000	nan	0	nan	0
13.870000	nan	0	nan	0
14.250000	nan	0	nan	0
14.630000	nan	0	nan	0
15.010000	nan	0	nan	0
15.390000	nan	0	nan	0
15.770000	nan	0	nan	0
16.150000	nan	0	nan	0
16.530000	nan	0	nan	0
16.910000	nan	0	nan	0
17.290000	nan	0	nan	0
17.670000	nan	0	nan	0
18.050000	nan	0	nan	0
18.430000	nan	0	nan	0
18.810000	nan	0	nan	0
19.190000	nan	0	nan	0
19.570000	nan	0	nan	0
19.950000	nan	0	nan	0
20.330000	nan	0	nan	0
20.710000	nan	0	nan	0
21.090000	nan	0	nan	0
21.470000	nan	0	nan	0
21.850000	nan	0	nan	0
22.230000	nan	0	nan	0
22.610000	nan	0	nan	0
22.990000	nan	0	nan	0
23.370000	nan	0	nan	0
23.750000	nan	0	nan	0
24.130000	nan	0	nan	0
24.510000	nan	0	nan	0
24.890000	nan	0	nan	0
25.270000	nan	0	nan	0
25.650000	nan	0	nan	0
26.030000	nan	0	nan	0
26.410000	nan	0	nan	0
26.790000	nan	0	nan	0
27.170000	nan	0	nan	0
27.550000	nan	0	nan	0
27.930000	nan	0	nan	0
28.310000	nan	0	nan	0
28.690000	nan	0	nan	0
29.070000	nan	0	nan	0
29.450000	nan	0	nan	0
29.830000	nan	0	nan	0
30.210000	nan	0	nan	0
30.590000	nan	0	nan	0
30.970000	nan	0	nan	0
31.350000	nan	0	nan	0
31.730000	nan	0	nan	0
32.110000	nan	0	nan	0
32.490000	nan	0	nan	0
32.870000	nan	0	nan	0
33.250000	nan	0	nan	0
33.630000	nan	0	nan	0
34.010000	nan	0	nan	0
34.390000	nan	0	nan	0
34.770000	nan	0	nan	0
35.150000	nan	0	nan	0
35.530000	nan	0	nan	0
35.910000	nan	0	nan	0
36.290000	nan	0	nan	0
36.670000	nan	0	nan	0
37.050000	nan	0	nan	0
37.430000	nan	0	nan	0
37.810000	nan	0	nan	0
