            z         mean           se      std_dev
   -75.500000     0.000001     0.000000     0.000000
   -74.500000     0.000005     0.000002     0.000006
   -73.500000     0.000022     0.000004     0.000012
   -72.500000     0.000110     0.000010     0.000030
   -71.500000     0.000341     0.000032     0.000096
   -70.500000     0.000866     0.000070     0.000210
   -69.500000     0.001940     0.000122     0.000366
   -68.500000     0.003428     0.000171     0.000513
   -67.500000     0.005437     0.000197     0.000591
   -66.500000     0.007376     0.000211     0.000633
   -65.500000     0.008802     0.000179     0.000537
   -64.500000     0.009554     0.000180     0.000540
   -63.500000     0.010073     0.000138     0.000414
   -62.500000     0.010223     0.000151     0.000453
   -61.500000     0.010311     0.000186     0.000558
   -60.500000     0.010349     0.000143     0.000429
   -59.500000     0.010210     0.000144     0.000432
   -58.500000     0.010156     0.000110     0.000330
   -57.500000     0.010150     0.000083     0.000249
   -56.500000     0.010262     0.000102     0.000306
   -55.500000     0.010164     0.000069     0.000207
   -54.500000     0.010091     0.000083     0.000249
   -53.500000     0.010140     0.000082     0.000246
   -52.500000     0.010142     0.000040     0.000120
   -51.500000     0.010078     0.000078     0.000234
   -50.500000     0.010079     0.000068     0.000204
   -49.500000     0.010033     0.000095     0.000285
   -48.500000     0.010033     0.000059     0.000177
   -47.500000     0.010221     0.000062     0.000186
   -46.500000     0.010086     0.000076     0.000228
   -45.500000     0.010060     0.000081     0.000243
   -44.500000     0.010006     0.000080     0.000240
   -43.500000     0.010039     0.000090     0.000270
   -42.500000     0.010107     0.000091     0.000273
   -41.500000     0.010049     0.000109     0.000327
   -40.500000     0.010112     0.000077     0.000231
   -39.500000     0.010106     0.000110     0.000330
   -38.500000     0.010165     0.000169     0.000507
   -37.500000     0.010255     0.000134     0.000402
   -36.500000     0.010266     0.000164     0.000492
   -35.500000     0.010181     0.000145     0.000435
   -34.500000     0.010167     0.000159     0.000477
   -33.500000     0.010130     0.000162     0.000486
   -32.500000     0.010293     0.000142     0.000426
   -31.500000     0.010278     0.000128     0.000384
   -30.500000     0.010125     0.000144     0.000432
   -29.500000     0.010073     0.000172     0.000516
   -28.500000     0.009853     0.000159     0.000477
   -27.500000     0.009533     0.000160     0.000480
   -26.500000     0.008932     0.000160     0.000480
   -25.500000     0.008140     0.000160     0.000480
   -24.500000     0.007183     0.000134     0.000402
   -23.500000     0.006014     0.000114     0.000342
   -22.500000     0.004876     0.000126     0.000378
   -21.500000     0.003897     0.000104     0.000312
   -20.500000     0.003243     0.000083     0.000249
   -19.500000     0.003123     0.000137     0.000411
   -18.500000     0.003175     0.000192     0.000576
   -17.500000     0.003470     0.000214     0.000642
   -16.500000     0.003838     0.000222     0.000666
   -15.500000     0.004053     0.000243     0.000729
   -14.500000     0.003749     0.000225     0.000675
   -13.500000     0.003226     0.000200     0.000600
   -12.500000     0.002310     0.000150     0.000450
   -11.500000     0.001412     0.000115     0.000345
   -10.500000     0.000671     0.000077     0.000231
    -9.500000     0.000308     0.000040     0.000120
    -8.500000     0.000109     0.000019     0.000057
    -7.500000     0.000037     0.000010     0.000030
    -6.500000     0.000016     0.000006     0.000018
    -5.500000     0.000007     0.000002     0.000006
    -4.500000     0.000005     0.000002     0.000006
    -3.500000     0.000006     0.000003     0.000009
    -2.500000     0.000006     0.000003     0.000009
    -1.500000     0.000007     0.000002     0.000006
    -0.500000     0.000006     0.000002     0.000006
     0.500000     0.000011     0.000004     0.000012
     1.500000     0.000015     0.000006     0.000018
     2.500000     0.000017     0.000007     0.000021
     3.500000     0.000016     0.000007     0.000021
     4.500000     0.000013     0.000006     0.000018
     5.500000     0.000015     0.000005     0.000015
     6.500000     0.000027     0.000009     0.000027
     7.500000     0.000063     0.000015     0.000045
     8.500000     0.000164     0.000023     0.000069
     9.500000     0.000403     0.000057     0.000171
    10.500000     0.000950     0.000117     0.000351
    11.500000     0.001644     0.000181     0.000543
    12.500000     0.002541     0.000251     0.000753
    13.500000     0.003439     0.000288     0.000864
    14.500000     0.003995     0.000238     0.000714
    15.500000     0.004152     0.000205     0.000615
    16.500000     0.003953     0.000191     0.000573
    17.500000     0.003590     0.000171     0.000513
    18.500000     0.003226     0.000151     0.000453
    19.500000     0.003131     0.000149     0.000447
    20.500000     0.003309     0.000094     0.000282
    21.500000     0.003919     0.000086     0.000258
    22.500000     0.004829     0.000086     0.000258
    23.500000     0.006050     0.000135     0.000405
    24.500000     0.007193     0.000160     0.000480
    25.500000     0.008306     0.000155     0.000465
    26.500000     0.009094     0.000168     0.000504
    27.500000     0.009573     0.000175     0.000525
    28.500000     0.010116     0.000173     0.000519
    29.500000     0.010304     0.000167     0.000501
    30.500000     0.010411     0.000139     0.000417
    31.500000     0.010462     0.000130     0.000390
    32.500000     0.010493     0.000159     0.000477
    33.500000     0.010468     0.000148     0.000444
    34.500000     0.010494     0.000150     0.000450
    35.500000     0.010491     0.000155     0.000465
    36.500000     0.010503     0.000115     0.000345
    37.500000     0.010403     0.000112     0.000336
    38.500000     0.010437     0.000129     0.000387
    39.500000     0.010419     0.000141     0.000423
    40.500000     0.010444     0.000128     0.000384
    41.500000     0.010394     0.000115     0.000345
    42.500000     0.010563     0.000140     0.000420
    43.500000     0.010472     0.000112     0.000336
    44.500000     0.010532     0.000111     0.000333
    45.500000     0.010485     0.000112     0.000336
    46.500000     0.010464     0.000096     0.000288
    47.500000     0.010485     0.000102     0.000306
    48.500000     0.010414     0.000102     0.000306
    49.500000     0.010357     0.000125     0.000375
    50.500000     0.010360     0.000091     0.000273
    51.500000     0.010363     0.000090     0.000270
    52.500000     0.010364     0.000070     0.000210
    53.500000     0.010411     0.000077     0.000231
    54.500000     0.010362     0.000092     0.000276
    55.500000     0.010281     0.000081     0.000243
    56.500000     0.010388     0.000053     0.000159
    57.500000     0.010355     0.000055     0.000165
    58.500000     0.010291     0.000075     0.000225
    59.500000     0.010300     0.000078     0.000234
    60.500000     0.010246     0.000067     0.000201
    61.500000     0.010171     0.000081     0.000243
    62.500000     0.010109     0.000115     0.000345
    63.500000     0.010171     0.000092     0.000276
    64.500000     0.010225     0.000110     0.000330
    65.500000     0.009955     0.000146     0.000438
    66.500000     0.009652     0.000138     0.000414
    67.500000     0.008821     0.000172     0.000516
    68.500000     0.007300     0.000207     0.000621
    69.500000     0.005470     0.000203     0.000609
    70.500000     0.003516     0.000167     0.000501
    71.500000     0.001934     0.000123     0.000369
    72.500000     0.000920     0.000065     0.000195
    73.500000     0.000347     0.000033     0.000099
    74.500000     0.000105     0.000014     0.000042
    75.500000     0.000029     0.000006     0.000018
    76.500000     0.000004     0.000002     0.000006
    77.500000     0.000000     0.000000     0.000000
